<?xml version="1.0"?>
<opencv_storage>
<cameraMatrix type_id="opencv-matrix">
  <rows>3</rows>
  <cols>3</cols>
  <dt>d</dt>
  <data>
    1.3795303643179818e+03 0. 9.6840136583823619e+02 0.
    1.3795303643179818e+03 5.2927224441912313e+02 0. 0. 1.</data></cameraMatrix>
<distCoeffs type_id="opencv-matrix">
  <rows>5</rows>
  <cols>1</cols>
  <dt>d</dt>
  <data>
    2.5591880076013801e-01 -1.2715143296401141e+00
    5.6894073266328701e-04 5.7433733655891178e-04 1.8886949269994024e+00</data></distCoeffs>
</opencv_storage>
